name: blast
channels:
  - bioconda
  - defaults
  - conda-forge
dependencies:
  - blas=1.0=mkl
  - blast=2.9.0=h58d6d27_1
  - boost=1.68.0=py37h9888f84_1001
  - boost-cpp=1.68.0=h6f8c590_1000
  - bzip2=1.0.8=h1de35cc_0
  - ca-certificates=2021.1.19=hecd8cb5_0
  - certifi=2020.12.5=py37hecd8cb5_0
  - gettext=0.19.8.1=hb0f4f8b_2
  - gmp=6.2.1=h23ab428_2
  - gnutls=3.6.5=h91ad68e_1002
  - icu=58.2=h0a44026_3
  - intel-openmp=2019.4=233
  - libcxx=10.0.0=1
  - libedit=3.1.20191231=h1de35cc_1
  - libffi=3.3=hb1e8313_2
  - mkl=2019.4=233
  - mkl-service=2.3.0=py37h9ed2024_0
  - mkl_fft=1.2.1=py37ha059aab_0
  - mkl_random=1.1.1=py37h959d312_0
  - ncurses=6.2=h0a44026_1
  - nettle=3.4.1=h3018a27_0
  - numpy=1.19.2=py37h456fd55_0
  - numpy-base=1.19.2=py37hcfb5961_0
  - openssl=1.1.1j=h9ed2024_0
  - pcre=8.44=hb1e8313_0
  - perl=5.26.2=h4e221da_0
  - perl-archive-tar=2.32=pl526_0
  - perl-carp=1.38=pl526_3
  - perl-common-sense=3.74=pl526_2
  - perl-compress-raw-bzip2=2.087=pl526h6de7cb9_0
  - perl-compress-raw-zlib=2.087=pl526h770b8ee_0
  - perl-exporter=5.72=pl526_1
  - perl-exporter-tiny=1.002001=pl526_0
  - perl-extutils-makemaker=7.36=pl526_1
  - perl-io-compress=2.087=pl526h6de7cb9_0
  - perl-io-zlib=1.10=pl526_2
  - perl-json=4.02=pl526_0
  - perl-json-xs=2.34=pl526h04f5b5a_3
  - perl-list-moreutils=0.428=pl526_1
  - perl-list-moreutils-xs=0.428=pl526_0
  - perl-pathtools=3.75=pl526h1de35cc_1
  - perl-scalar-list-utils=1.52=pl526h01d97ff_0
  - perl-types-serialiser=1.0=pl526_2
  - perl-xsloader=0.24=pl526_0
  - pip=21.0.1=py37hecd8cb5_0
  - python=3.7.9=h26836e1_0
  - readline=8.1=h9ed2024_0
  - setuptools=52.0.0=py37hecd8cb5_0
  - six=1.15.0=py37hecd8cb5_0
  - sqlite=3.33.0=hffcf06c_0
  - tk=8.6.10=hb0a8c7a_0
  - wheel=0.36.2=pyhd3eb1b0_0
  - xz=5.2.5=h1de35cc_0
  - zlib=1.2.11=h1de35cc_3
prefix: /Users/ATEMIA/miniconda3/envs/blast

